gracz a
    wygrane: 66.6667%
    przegrane: 33.3333%

gracz b
    remisy: 25%
    przegrane: 75%

gracz c
    wygrane: 66.6667%
    przegrane: 33.3333%

gracz d
    wygrane: 100%
    remisy: 5.42369e-12%
    przegrane: 5.42369e-12%

